1 272.925267
1 577.537702
1 802.653274
1 1003.489792
1 1286.751002
1 1517.391293
1 1732.186645
1 1861.625943
1 2147.969383
1 2299.382741
1 2549.745783
1 2706.113157
1 2957.225667
1 3227.024487
1 3354.016784
1 3605.513304
1 3814.181311
1 4089.338698
1 4371.710466
1 4644.512971
1 4871.076730
1 4997.704251
1 5312.561446
1 5594.944610
1 5968.068822
2 279.358410
2 460.232808
2 595.539893
2 819.412386
2 1060.197477
2 1331.080583
2 1569.186672
2 1728.624677
2 1964.518708
2 2197.356937
2 2418.869914
2 2534.876454
2 2839.743076
2 3161.407439
2 3460.253584
2 3654.683573
2 3775.908303
2 3875.944852
2 4189.035611
2 4681.583173
2 4956.721063
2 5144.485140
2 5339.941372
2 5595.473285
2 5801.227761
3 169.570984
3 304.732434
3 581.469783
3 862.265509
3 1118.495497
3 1245.998827
3 1560.869965
3 1716.207096
3 1973.325367
3 2138.829620
3 2391.473571
3 2685.868961
3 3002.519798
3 3234.727533
3 3417.161962
3 3775.057429
3 4026.188192
3 4314.463694
3 4594.376964
3 4939.616551
3 5339.460064
3 5583.964783
3 5865.954158
4 107.803777
4 325.340350
4 721.254159
4 1034.476022
4 1280.356186
4 1506.644596
4 1711.818352
4 1917.430906
4 2291.678245
4 2551.197097
4 2842.418640
4 2969.228506
4 3126.914077
4 3338.703061
4 3522.988252
4 3816.778224
4 4007.031180
4 4307.234844
4 4641.953037
4 4860.388409
4 5181.826291
4 5423.324828
4 5749.186262
4 5851.099128
5 248.619438
5 503.926295
5 790.238272
5 1106.139267
5 1257.298732
5 1520.158251
5 1760.567421
5 1959.328409
5 2132.666006
5 2400.919440
5 2656.739991
5 3014.253517
5 3336.316222
5 3521.501049
5 3821.022691
5 4051.256803
5 4362.118606
5 4696.812854
5 4751.452652
5 4986.569061
5 5176.647575
5 5364.505107
5 5583.019717
5 5841.380603
6 121.646328
6 328.214737
6 603.328569
6 957.578806
6 1295.612417
6 1531.351563
6 1827.346227
6 1936.048640
6 2226.833737
6 2470.493159
6 2642.878243
6 2851.181474
6 3024.338999
6 3214.549128
6 3479.653402
6 3685.714408
6 3959.237241
6 4118.046029
6 4485.099293
6 4639.723212
6 5052.019831
6 5327.694609
6 5530.841233
6 5805.550071
7 224.447748
7 507.852844
7 787.441712
7 971.373398
7 1222.721082
7 1474.535620
7 1775.614197
7 1859.833873
7 2079.149507
7 2230.547927
7 2413.559235
7 2702.142595
7 3110.147714
7 3399.986538
7 3555.978151
7 3860.690458
7 4098.008860
7 4410.155005
7 4765.346571
7 4970.426335
7 5258.133943
7 5483.912136
7 5789.731515
8 356.874017
8 700.358327
8 965.455023
8 1328.481236
8 1654.910682
8 1892.429748
8 2224.548134
8 2261.985071
8 2531.272754
8 2791.905203
8 2967.097690
8 3113.438503
8 3391.736660
8 3771.084804
8 4022.161149
8 4238.003136
8 4562.182938
8 4850.241593
8 5138.577760
8 5403.391446
8 5514.263276
8 5832.357734
9 340.301482
9 630.393004
9 651.818719
9 887.388323
9 1279.270384
9 1514.472218
9 1836.151271
9 2046.751160
9 2334.585685
9 2570.464615
9 2822.085702
9 3028.172244
9 3267.067899
9 3583.060397
9 3918.064203
9 4105.166437
9 4357.911500
9 4669.088654
9 4885.153661
9 5259.858156
9 5411.643979
9 5641.013638
9 5892.491776
10 267.427897
10 523.068054
10 917.325799
10 1408.152105
10 1712.959162
10 2097.334189
10 2550.788319
10 2919.713863
10 3227.228526
10 3461.762787
10 3606.231341
10 3853.792515
10 4120.214293
10 4362.447832
10 4627.920737
10 4935.313184
10 5422.523077
10 5638.764671
10 5888.443787
11 250.577626
11 663.631138
11 954.707940
11 1153.302492
11 1381.061022
11 1716.165872
11 1908.672036
11 2151.153303
11 2405.106704
11 2503.756893
11 2820.235085
11 3110.995982
11 3317.977024
11 3639.823065
11 4000.843927
11 4051.615594
11 4247.918709
11 4438.271320
11 4781.107867
11 5058.235956
11 5238.166370
11 5485.426013
11 5839.197219
12 462.354704
12 745.889141
12 991.202255
12 1407.856029
12 1883.198462
12 2091.530348
12 2280.945951
12 2610.761914
12 2836.681721
12 3196.631583
12 3423.397599
12 3631.401967
12 3922.069672
12 4234.326246
12 4446.175954
12 4877.097061
12 5151.233827
12 5506.442176
12 5812.997020
13 271.296239
13 523.356537
13 753.255214
13 906.292663
13 1312.979804
13 1610.080053
13 1955.822000
13 2157.219538
13 2497.384569
13 2852.072287
13 3109.383325
13 3483.181601
13 3716.967576
13 3974.190598
13 4302.880071
13 4642.365368
13 5040.643062
13 5401.529468
13 5656.074034
13 5865.652952
14 468.841999
14 825.564302
14 1220.211113
14 1481.922025
14 1732.246580
14 1972.479493
14 2407.202727
14 2712.294657
14 3026.864086
14 3444.452678
14 3876.727823
14 4131.803722
14 4378.609354
14 4502.518826
14 5050.092900
14 5406.208793
14 5635.387904
14 5758.561284
15 248.987919
15 586.728246
15 934.320884
15 1160.937831
15 1521.250977
15 1640.174794
15 1952.253232
15 2326.085274
15 2667.010301
15 3079.866969
15 3291.502578
15 3582.792125
15 3956.386718
15 4279.458536
15 4366.691308
15 4505.409455
15 4777.706920
15 5150.138179
15 5424.026102
15 5664.671583
15 5896.895764
15 5997.991889
16 384.134210
16 933.532824
16 1218.506062
16 1522.908623
16 1834.874778
16 2165.269329
16 2406.973663
16 2724.414117
16 2976.255728
16 3247.580248
16 3659.823677
16 4003.457877
16 4112.856966
16 4405.683988
16 4865.852327
16 5276.671006
16 5636.962763
16 5880.816967
17 309.861744
17 735.756824
17 999.294124
17 1219.173711
17 1602.571250
17 1884.259152
17 2349.356952
17 2853.195357
17 3103.419226
17 3460.655424
17 3774.571091
17 4022.058428
17 4330.608579
17 4438.912175
17 4826.511809
17 5213.089523
17 5573.845895
17 5799.882504
